Date,Price ,MORN,close
2018-02-11,158.0,70.389999,23.7757
2018-02-12,157.779999,69.75,23.65
2018-02-13,155.949997,70.330002,23.5871
2018-02-14,157.789993,71.709999,23.4157
2018-02-18,158.199997,72.550003,23.6443
2018-02-19,162.470001,72.519997,23.5314
2018-02-20,165.610001,71.019997,23.2614
2018-02-21,163.740005,70.25,23.6157
2018-02-24,158.279999,70.32,24.06
2018-02-25,159.190002,69.480003,23.8257
2018-02-26,155.360001,69.550003,22.7986
2018-02-27,150.690002,68.0,23.4286
2019-02-28,142.970001,64.18,23.5143
2019-03-02,147.130005,61.650002,23.7614
2019-03-03,147.5,60.369999,24.1743
2019-03-04,146.970001,62.0,24.1514
2019-03-05,143.669998,61.959999,24.2
2019-03-06,23.33,62.369999,23.9157
2019-03-09,133.309998,59.5,24.2071
2019-03-10,133.539993,55.0,24.2928
2019-03-11,132.779999,55.360001,24.03
2019-03-12,120.290001,53.330002,23.614
2019-03-13,117.169998,47.544998,23.5971
2019-03-16,109.970001,38.560001,23.7929
2019-03-17,109.459999,40.119999,24.33
2019-03-18,107.75,35.700001,24.7043
2019-03-19,106.940002,30.450001,24.4486
2019-03-20,110.529999,29.299999,24.6514
2019-03-23,106.5,35.380001,24.5943
2019-03-24,111.18,33.970001,24.8171
2019-03-25,112.419998,36.395,25.0228
2019-03-26,114.540001,36.255001,25.9814
2019-03-27,115.010002,41.705002,26.3643
2019-03-30,117.900002,48.275002,26.4314
2019-03-31,117.0,46.599998,26.2886
2019-04-01,112.949997,43.0,26.3543
2019-04-02,115.440002,40.5,26.5
2019-04-03,112.940002,38.349998,26.26
2019-04-06,112.629997,38.439999,26.0528
2019-04-07,118.660004,39.200001,26.5931
2019-04-08,120.949997,42.5,26.4828
2019-04-09,125.120003,44.720001,26.4786
2019-04-13,123.199997,43.185001,25.8371
2019-04-14,124.330002,42.880001,26.4143
2019-04-15,125.529999,43.75,26.5748
2019-04-16,131.320007,42.965,27.1443
2019-04-17,133.710007,45.025002,27.1786
2019-04-20,131.690002,46.73,27.0386
2019-04-21,131.529999,45.5,27.21
2019-04-22,136.850006,45.91,27.2586
2019-04-23,136.669998,46.985001,27.1457
2019-04-24,135.610001,46.25,27.3271
2019-04-27,140.759995,49.224998,27.2228
2019-04-28,143.729996,50.540001,26.8643
2019-04-29,145.860001,51.709999,27.1228
2019-04-30,145.539993,54.599998,28.3943
2019-05-01,152.539993,49.244999,29.2743
2019-05-04,151.289993,49.900002,29.3143
2019-05-05,147.880005,46.740002,29.1343
2019-05-06,146.789993,48.029999,28.9257
2019-05-07,146.279999,48.744999,28.1957
2019-05-08,143.889999,49.615002,27.4857
2019-05-11,142.330002,47.23,28.05
2019-05-12,146.399994,45.025002,26.9286
2019-05-13,145.0,42.849998,27.0443
2019-05-14,144.059998,44.59,26.9643
2019-05-15,145.330002,44.77,27.2586
2019-05-18,144.509995,48.125,27.7186
2019-05-19,142.300003,47.490002,27.7628
2019-05-20,142.630005,47.5,28.78
2019-05-21,140.550003,48.0,28.9971
2019-05-22,142.830002,47.700001,29.0357
2019-05-26,143.119995,47.740002,28.8557
2019-05-27,142.380005,51.0,29.2071
2019-05-28,147.770004,53.0,29.5186
2019-05-29,150.089996,50.080002,29.5714
2019-06-01,152.690002,51.060001,29.4228
2019-06-02,153.990005,50.540001,28.6443
2019-06-03,153.070007,52.43,28.56
2019-06-04,152.649994,51.720001,29.4114
2019-06-05,152.039993,55.299999,29.2057
2019-06-08,150.929993,56.419998,29.17
2019-06-09,152.179993,54.599998,28.6557
2019-06-10,153.949997,48.904999,28.5586
2019-06-11,148.350006,47.485001,28.1386
2019-06-12,145.820007,46.744999,28.0328
2019-06-15,143.460007,49.005001,28.0686
2019-06-16,149.669998,50.240002,27.6171
2019-06-17,146.979996,47.93,26.9928
2019-06-18,148.979996,49.814999,27.1243
2019-06-19,151.630005,47.91,28.2571
2019-06-22,150.539993,48.689999,28.0614
2019-06-23,151.080002,51.209999,27.81
2019-06-24,147.399994,48.415001,28.14
2019-06-25,143.889999,48.57,27.7386
2019-06-26,143.259995,46.665001,27.8614
2019-06-29,143.419998,48.209999,27.4086
2019-06-30,139.570007,47.91,27.9186
2019-07-01,140.369995,47.535,28.3186
2019-07-02,150.539993,47.845001,28.6228
2019-07-06,146.270004,48.360001,28.8714
2019-07-07,149.949997,46.900002,29.8628
2019-07-08,150.089996,46.66,30.23
2019-07-09,150.830002,46.924999,29.8714
2019-07-10,149.160004,44.695,30.2343
2019-07-13,150.460007,46.255001,30.1046
2019-07-14,148.589996,46.049999,30.5728
2019-07-15,153.110001,47.099998,30.6257
2019-07-16,153.419998,48.209999,30.1386
2019-07-17,153.690002,47.720001,30.0828
2019-07-20,158.580002,,30.2828
2019-07-21,158.839996,46.419998,30.0157
2019-07-22,159.710007,47.285,29.6743
2019-07-23,160.839996,47.599998,30.0928
2019-07-24,160.100006,46.91,29.9186
2019-07-27,161.690002,46.790001,29.4186
2019-07-28,162.0,45.814999,30.72
2019-07-29,161.660004,45.334999,30.2464
2019-07-30,162.339996,45.57,29.7246
2019-07-31,170.0,44.939999,28.25
2019-08-03,168.470001,44.595001,29.0107
2019-08-04,165.25,44.130001,29.42
2019-08-05,164.020004,45.685001,29.6977
2019-08-06,162.160004,46.060001,28.47
2019-08-07,162.360001,47.310001,27.4376
2019-08-10,160.600006,48.924999,27.8186
2019-08-11,159.210007,51.080002,27.98
2019-08-12,159.910004,51.93,28.4614
2019-08-13,159.139999,50.119999,27.4357
2019-08-14,157.550003,49.450001,27.9228
2019-08-17,158.119995,49.93,27.7314
2019-08-18,156.550003,49.935001,28.0271
2019-08-19,157.5,49.705002,27.8737
2019-08-20,157.190002,48.650002,28.3814
2019-08-21,157.240005,49.064999,28.6257
2019-08-24,156.789993,48.619999,29.0571
2019-08-25,156.440002,48.695,28.9357
2019-08-26,159.410004,48.875,28.9897
2019-08-27,161.949997,49.084999,28.81
2019-08-28,162.229996,50.68,28.6308
2019-08-31,161.559998,52.389999,28.1513
2019-09-01,160.789993,50.029999,28.6651
2019-09-02,163.259995,50.439999,28.8571
2019-09-03,164.119995,51.259998,29.2314
2019-09-04,160.740005,50.720001,29.8557
2019-09-08,155.880005,51.080002,29.8357
2019-09-09,156.860001,50.099998,29.9043
2019-09-10,158.820007,50.169998,30.1014
2019-09-11,157.850006,51.82,31.2786
2019-09-14,157.479996,52.27,31.2971
2019-09-15,159.729996,52.830002,31.86
2019-09-16,160.410004,54.27,32.12
2019-09-17,157.350006,55.009998,32.2143
2019-09-18,159.0,56.880001,32.3714
2019-09-21,154.880005,,31.9771
2019-09-22,154.699997,56.540001,32.0643
2019-09-23,154.630005,54.110001,32.0171
2019-09-24,153.570007,55.18,32.0928
2019-09-25,152.070007,52.349998,31.75
2019-09-28,157.429993,52.669998,32.1071
2019-09-29,159.330002,53.48,32.6228
2019-09-30,159.830002,52.889999,32.7671
2019-10-01,161.279999,51.43,32.3786
2019-10-02,162.119995,52.77,32.9857
2019-10-05,164.990005,52.27,33.1986
2019-10-06,163.589996,53.959999,33.6921
2019-10-07,165.830002,53.389999,33.5714
2019-10-08,171.199997,55.18,33.71
2019-10-09,178.259995,56.369999,34.07
2019-10-12,181.869995,57.490002,34.22
2019-10-13,182.850006,57.209999,34.3714
2019-10-14,184.520004,57.029999,34.2786
2019-10-15,181.720001,55.25,34.5414
2019-10-16,182.460007,56.400002,34.6128
2019-10-19,185.479996,56.529999,34.6328
2019-10-20,182.050003,56.060001,35.0986
2019-10-21,184.699997,54.48,35.56
2019-10-22,184.699997,54.48,35.3428
2019-10-23,183.830002,53.419998,35.2957
2019-10-26,183.539993,54.900002,34.9414
2019-10-27,179.210007,53.889999,37.0314
2019-10-28,182.220001,51.34,38.0671
2019-10-29,180.360001,49.575001,38.69
2019-10-30,194.220001,46.584999,38.5
2019-11-02,189.720001,46.645,37.4343
2019-11-03,195.619995,47.59,37.3714
2019-11-04,201.490005,49.584999,38.3771
2019-11-05,207.979996,51.259998,37.2986
2019-11-06,206.789993,51.860001,38.05
2019-11-09,212.0,50.990002,36.9543
2019-11-10,213.190002,51.650002,36.5693
2019-11-11,212.839996,60.0,35.1786
2019-11-12,213.539993,61.049999,33.6943
2019-11-13,206.889999,57.549999,36.2843
2019-11-16,206.699997,57.279999,36.6457
2019-11-17,203.580002,60.66,37.4414
2019-11-18,204.350006,62.759998,36.9086
2019-11-19,198.130005,62.009998,36.26
2019-11-20,200.0,60.459999,36.3171
2019-11-23,202.25,59.98,36.0514
2019-11-24,199.809998,59.040001,35.4771
2019-11-25,197.710007,60.349998,33.9657
2019-11-27,197.139999,60.650002,34.6171
2019-11-30,199.789993,59.759998,35.2514
2019-12-01,201.199997,60.540001,35.0314
2019-12-02,202.330002,58.740002,34.8727
2019-12-03,202.080002,59.77,36.1928
2019-12-04,200.899994,60.419998,36.6971
2019-12-07,202.479996,59.91,37.2614
2019-12-08,199.380005,61.240002,37.7071
2019-12-09,202.320007,64.790001,37.5886
2019-12-10,202.089996,62.09,36.5664
2019-12-11,204.619995,63.07,35.8486
2019-12-14,205.860001,62.889999,35.6186
2019-12-15,208.679993,63.299999,34.7428
2019-12-16,208.580002,62.549999,35.7871
2019-12-17,214.350006,60.290001,36.2157
2019-12-18,219.240005,60.740002,36.3257
2019-12-21,220.0,60.299999,37.0986
2019-12-22,218.970001,60.290001,38.1786
2019-12-23,221.240005,60.0,38.8386
2019-12-24,222.649994,58.75,39.1534
2019-12-28,222.75,58.700001,38.5957
2019-12-29,224.190002,59.009998,39.1214
2019-12-30,226.899994,60.32,38.71
2019-12-31,228.270004,59.139999,38.4286
2021-01-04,233.449997,60.439999,38.1
2021-01-05,232.470001,58.740002,38.3286
2021-01-06,234.979996,58.959999,36.5957
2021-01-07,232.820007,62.310001,35.9328
2021-01-08,238.720001,61.619999,35.4971
2021-01-11,231.139999,62.93,35.2771
2021-01-12,226.25,63.509998,35.5186
2021-01-13,223.050003,63.959999,36.9521
2021-01-14,217.960007,62.52,36.87
2021-01-15,216.009995,61.610001,37.0886
2021-01-19,224.0,62.240002,36.755
2021-01-20,224.210007,61.700001,35.9711
2021-01-21,230.229996,61.34,36.1038
2021-01-22,231.960007,62.990002,35.9214
2021-01-25,241.160004,62.619999,35.7
2021-01-26,234.690002,61.66,35.0828
2021-01-27,231.899994,59.619999,35.9843
2021-01-28,227.910004,60.599998,36.32
2021-01-29,231.149994,59.040001,37.0034
2021-02-01,232.479996,60.48,37.1343
2021-02-02,241.029999,58.91,37.04
2021-02-03,242.669998,59.279999,37.7257
2021-02-04,241.350006,60.52,37.28
2021-02-05,240.940002,63.32,36.8728
2021-02-08,241.490005,63.740002,36.75
2021-02-09,237.429993,63.950001,37.4071
2021-02-10,238.660004,63.34,37.4186
2021-02-11,241.009995,62.66,37.5686
